5.720516067590447618e-02
5.776048984320072965e-02
4.943673854953133107e-02
4.552820681730261609e-02
5.332511726470381963e-02
4.855488545374678916e-02
5.652938154903015822e-02
5.807132459833784510e-02
5.368017290618877502e-02
5.863511921716602071e-02
5.708591565496617948e-02
5.356377615805354292e-02
5.719272786788632407e-02
5.036513923925994840e-02
4.235438774432871006e-02
4.389704773220928086e-02
4.255509424483058106e-02
4.809024382991781282e-02
5.839909417208791892e-02
5.208743241234929655e-02
4.124017410948131734e-02
5.148868293697288906e-02
4.206887542793383977e-02
5.734773761498911104e-02
5.802029077912934651e-02
4.372729511406913544e-02
5.533728950204701985e-02
5.706261947221423492e-02
5.278672525655573461e-02
5.696950763657723099e-02
4.786608407915748931e-02
4.901149733806926811e-02
4.866985570087643820e-02
5.212126128358197941e-02
5.271452329932033165e-02
4.765085046802094992e-02
4.191435158878246969e-02
5.852653365751411818e-02
4.661406179489240714e-02
5.093589465572439384e-02
5.008964092959020814e-02
4.431365352958453047e-02
4.666548887039993071e-02
5.744369357482197180e-02
4.850174454416687070e-02
4.487080000560815518e-02
4.509585847512598278e-02
4.381561481220289794e-02
5.104843290230297315e-02
5.459858299192121150e-02
5.683899403435895697e-02
4.905002854928885991e-02
4.601798779811446666e-02
4.520531850985237687e-02
5.787082094470254179e-02
4.880625438562777307e-02
4.596143064476773676e-02
4.372172800894855160e-02
4.342586166318800067e-02
5.116706838420811976e-02
5.342819735976260531e-02
5.115871161105374487e-02
4.888709048361954135e-02
4.827455771031725906e-02
4.530797570988397138e-02
4.514278046936065492e-02
4.333618512808452838e-02
4.141195341764011828e-02
5.039456657805949785e-02
5.944783978261175550e-02
